0.00280967,0.00170086,-0.00047777,-0.00029783,8.86e-06,0.00048827
0.00170086,0.00222536,-0.00036889,7.673e-05,-0.00034451,-6.65e-06
-0.00047777,-0.00036889,0.00160399,3.352e-05,2.18e-05,-6.289e-05
-0.00029783,7.673e-05,3.352e-05,0.00128886,-0.00014809,0.00010768
8.86e-06,-0.00034451,2.18e-05,-0.00014809,0.00119415,0.00062953
0.00048827,-6.65e-06,-6.289e-05,0.00010768,0.00062953,0.00143747
